kinematics:
  shoulder:
    x: 0
    y: 0
    z: 0.1806860782551132
    roll: -0
    pitch: 0
    yaw: -2.832416946402238e-07
  upper_arm:
    x: 2.184643080500181e-05
    y: 0
    z: 0
    roll: 1.5702111025318
    pitch: 0
    yaw: -3.109360302329977e-06
  forearm:
    x: -0.6124617023986564
    y: 0
    z: 0
    roll: 7.387361453050822e-05
    pitch: -5.910983317115921e-05
    yaw: -3.923116106265613e-06
  wrist_1:
    x: -0.5713730316726914
    y: 0.001352885205579496
    z: 0.1737361412524781
    roll: 3.133805800194681
    pitch: -3.141320054309782
    yaw: -3.141588096072224
  wrist_2:
    x: -8.605011261746335e-05
    y: -0.1197527279283208
    z: 0.0001392598007178404
    roll: 1.569633432718476
    pitch: 0
    yaw: 4.041845715636178e-07
  wrist_3:
    x: -2.842022300671858e-05
    y: 0.1155144470594916
    z: 7.276195369177521e-05
    roll: 1.571426221547638
    pitch: 3.141592653589793
    yaw: -3.141592586859608
  hash: calib_8214311839380973189